2147483647C
28931115 7281
2359 1
2455 1
2732 1
2118 1
1956 1
2102 1
2596 1
3161 1
1956 1
2330 1
2631 1
2802 1
1956 1
1956 1
1956 1
1956 1
2104 1
2143 1
2860 1
2810 1
2706 1
2314 1
2893 1
2517 1
2747 1
2746 1
2590 1
2430 1
2113 1
2919 1
1956 1
2402 1
3018 1
2381 1
3066 1
2800 1
3172 1
2932 1
2516 1
2959 1
2932 1
2436 1
2099 1
2430 1
2578 1
2457 1
3056 1
2101 1
2161 1
3620 1
2115 1
2160 1
2230 1
2588 1
2921 1
3066 1
2089 1
2581 1
2741 1
2891 1
2156 1
2392 1
3027 1
2331 1
2106 1
2430 1
3225 1
2874 1
2347 1
5092 1
2450 1
2168 1
2179 1
2329 1
5365 1
2304 1
2122 1
2069 1
2962 1
2134 1
3254 1
2262 1
3085 1
2430 1
2917 1
2587 1
3202 1
2150 1
2644 1
2173 1
2880 1
2100 1
3029 1
2553 1
2110 1
1956 1
1956 1
1956 1
1956 1
3066 1
3128 1
2053 1
3147 1
2135 1
3052 1
2894 1
5127 1
2069 1
2687 1
2069 1
2429 1
3193 1
2436 1
2103 1
2153 1
2178 1
2304 1
2230 1
2953 1
2180 1
3119 1
2904 1
2904 1
2904 1
2904 1
2904 1
2152 1
2201 1
2588 1
2545 1
2100 1
2579 1
2135 1
2538 1
2200 1
2138 1
2805 1
2168 1
2901 1
2090 1
2090 1
2090 1
2090 1
2090 1
2140 1
2324 1
2538 1
2887 1
2150 1
2127 1
2932 1
2214 1
2913 1
2925 1
2598 1
2598 1
2598 1
2598 1
2598 1
2874 1
2539 1
2204 1
3315 1
2340 1
2100 1
2420 1
2892 1
1956 1
2187 1
2577 1
2577 1
2577 1
2577 1
2577 1
3047 1
2229 1
2273 1
2616 1
2997 1
2190 1
2194 1
2152 1
2510 1
2089 1
2228 1
2526 1
2100 1
2100 1
2100 1
2100 1
2100 1
2185 1
2269 1
2183 1
2377 1
2156 1
2177 1
2113 1
2124 1
2124 1
2124 1
2124 1
2124 1
3146 1
2500 1
2154 1
2064 1
2716 1
2283 1
2139 1
2190 1
2919 1
2252 1
2155 1
2155 1
2155 1
2155 1
2155 1
4380 1
2334 1
2179 1
3062 1
2159 1
2429 1
2875 1
3247 1
2934 1
2135 1
2135 1
2135 1
2135 1
2135 1
2333 1
2139 1
4923 1
2134 1
1956 1
1956 1
1956 1
1956 1
2123 1
2123 1
2123 1
2123 1
2123 1
2187 1
2138 1
1956 1
2797 1
2171 1
2048 1
2104 1
2099 1
2712 1
2284 1
2583 1
2857 1
2430 1
2428 1
2176 1
2927 1
5250 1
2324 1
2572 1
2173 1
2351 1
2111 1
2752 1
2138 1
2140 1
2474 1
2510 1
2284 1
2334 1
2165 1
2283 1
2327 1
2605 1
2172 1
2133 1
2283 1
2185 1
2506 1
2894 1
2925 1
2156 1
2100 1
5249 1
2134 1
4492 1
2168 1
2350 1
2582 1
2102 1
2526 1
2507 1
2198 1
2242 1
4380 1
2362 1
2549 1
2171 1
2468 1
5033 1
2336 1
2865 1
2186 1
2855 1
2310 1
2583 1
2149 1
2099 1
2192 1
2273 1
2064 1
3431 1
2334 1
2041 1
2175 1
2160 1
2853 1
2229 1
2592 1
2169 1
3363 1
2537 1
2172 1
2091 1
2029 1
2046 1
2190 1
2584 1
2575 1
1956 1
2853 1
